[ 134.54520134743927  139.54789128472098  394.43955491170215
  437.5921023253246   482.4207503157274   636.1646404360747
  672.6653734677006   724.7435585985002   738.7482223345614
  875.8306171013655   912.1309595802404   977.0156221761013
  998.3673118329141  1004.7651618335442  1023.5246482873694
 1071.1678735298137  1071.8957306659404  1175.7182953003407
 1211.8033225252211  1258.6544384567858  1351.6984893109814
 1440.4366353288337  1495.6531402717217  1587.8769921322782
 1597.6405106856143  3056.155405924923   3056.410493412423
 3109.45841194992    3117.936758819567   3140.652058256722  ]
