[  58.65545009284715   63.92356008892789  171.4272795431514
  183.57044433102365  189.86043640854808  399.8871894507189
  446.4781477277842   471.4548183337195   633.4134081211168
  676.6901503994895   726.1055085746686   742.5995749249402
  877.3081225496242   926.7934637822568   982.6662858309165
 1007.4261554192365  1012.7592968762426  1032.8613748712285
 1083.9471234114071  1084.5799223278402  1183.1440490672749
 1217.2457242107814  1273.8604129982652  1357.8630640403455
 1448.8027918507285  1507.043850770318   1595.8194011371004
 1608.1028498869791  3098.805239573938   3099.8942416929667
 3133.0153623293018  3142.6869410392924  3157.9183944668343 ]
