[  47.0815931762282    63.76734241059313   70.37345692305658
  106.16197137189481  119.06395310567183  145.29981654174753
  152.45453715902786  153.68922364110466  159.4689325664795
  198.132265726772    266.75715735498744  299.4021823115466
  344.41820638081856  525.5923359775401   544.1851602011626
  562.2441097062466   613.5614948536858   658.2420839100249
  667.9455146477974   738.4723268109167  1111.6830146156171
 1140.2125539066535  1162.3728205340497  1185.771250313921
 1187.5198467167793  1187.917061012479   1206.8077315514975
 1208.0045246738562  1215.8939853789425  1488.8062797618368
 1494.6870008271217  1498.0752780452622  1499.5721447627132
 1501.2660418031542  1501.6930479869698  1506.70800242819
 1513.5454043508475  1515.0333868406635  1862.7932340164969
 2927.1039366541145  2961.417863014875   2965.379172846345
 2968.8491264410427  2988.4410058605304  3013.3954936888185
 3017.531818018569   3019.3577360800514  3035.0765669204243 ]
